image_width: 1280
image_height: 720
camera_name: narrow_stereo
camera_matrix:
  rows: 3
  cols: 3
  data: [876.00144,   0.     , 602.23969,
           0.     , 872.12255, 362.33135,
           0.     ,   0.     ,   1.     ]
distortion_model: plumb_bob
distortion_coefficients:
  rows: 1
  cols: 5
  data: [-0.078342, 0.032036, -0.003439, -0.000641, 0.000000]
rectification_matrix:
  rows: 3
  cols: 3
  data: [1., 0., 0.,
         0., 1., 0.,
         0., 0., 1.]
projection_matrix:
  rows: 3
  cols: 4
  data: [845.91735,   0.     , 599.34036,   0.     ,
           0.     , 860.92757, 360.78684,   0.     ,
           0.     ,   0.     ,   1.     ,   0.     ]
